13 8 1
0.563 0.573 0.413 0.728 0.667 0.000 0.359 0.695 0.481 0.558 0.139 0.605 0.183 0.386
0.884 0.517 0.883 0.038 0.893 0.436 0.065 0.214 0.564 0.797 0.319 0.018 0.842 0.267
0.051 0.749 0.058 0.955 0.659 0.433 0.322 0.540 0.960 0.786 0.505 0.176 0.506 0.981
0.820 0.898 0.670 0.308 0.645 0.191 0.807 0.855 0.845 0.778 0.525 0.052 0.675 0.383
0.400 0.000 0.294 0.270 0.609 0.869 0.010 0.353 0.715 0.623 0.221 0.731 0.332 0.310
0.962 0.718 0.817 0.181 0.609 0.698 0.219 0.024 0.215 0.377 0.406 0.572 0.826 0.128
0.993 0.676 0.352 0.934 0.384 0.267 0.988 0.094 0.721 0.294 0.115 0.136 0.753 0.346
0.850 0.815 0.458 0.121 0.248 0.795 0.824 0.814 0.837 0.959 0.578 0.209 0.533 0.915
0.192 0.127 0.973 0.153 0.160 0.915 0.083 0.921 0.919
