227 13 1
0.460 0.708 1.935 1.470 0.485 -0.426 -0.979 -1.079 -0.666 -0.950 1.045 -0.735 -0.476 0
0.574 0.708 -0.936 0.386 0.863 -0.426 -0.979 0.981 -0.666 0.116 -0.591 1.193 1.091 0
-0.108 -1.406 0.978 1.470 -0.876 -0.426 0.920 0.661 -0.666 -0.950 1.045 0.229 -0.476 1
1.823 -1.406 0.978 -1.241 0.333 2.337 -0.979 -0.850 -0.666 -0.950 1.045 0.229 -0.476 1
0.120 0.708 0.021 -0.698 -0.139 -0.426 0.920 0.935 -0.666 -0.950 -2.228 -0.735 -0.476 1
0.347 -1.406 0.978 -0.698 1.751 -0.426 0.920 1.073 -0.666 -0.950 1.045 -0.735 -0.476 1
-1.243 0.708 0.021 -0.698 -0.517 -0.426 0.920 0.981 -0.666 -0.950 1.045 -0.735 -0.476 1
0.801 -1.406 -0.936 0.386 0.390 -0.426 -0.979 0.523 -0.666 2.247 -2.228 1.193 -0.476 0
-0.448 -1.406 0.978 0.386 1.146 -0.426 -0.979 -0.301 -0.666 0.382 1.045 0.229 -0.476 1
-1.470 0.708 1.935 0.820 -0.063 -0.426 -0.979 1.347 -0.666 -0.239 1.045 1.193 -0.476 1
0.574 0.708 -0.936 -0.156 0.107 -0.426 0.920 -0.209 1.494 0.293 1.045 0.229 1.091 0
0.347 0.708 -0.936 -0.265 -0.592 -0.426 -0.979 -0.804 1.494 1.004 -0.591 2.158 1.091 0
0.006 -1.406 -0.936 2.555 1.505 -0.426 2.819 -1.445 1.494 2.069 -0.591 -0.735 -0.476 0
-1.243 0.708 0.021 -0.156 -0.536 -0.426 -0.979 1.805 -0.666 -0.950 1.045 -0.735 -0.476 1
-0.902 0.708 0.978 -1.349 -0.082 -0.426 0.920 0.157 -0.666 -0.950 1.045 -0.735 -0.476 0
0.347 -1.406 0.021 0.169 1.354 2.337 -0.979 0.157 -0.666 -0.950 1.045 1.193 -0.476 0
-1.811 0.708 -0.936 -0.807 -0.536 -0.426 0.920 -0.392 -0.666 0.116 -0.591 -0.735 1.091 0
0.574 -1.406 1.935 0.928 -0.139 -0.426 0.920 1.027 -0.666 -0.151 1.045 -0.735 -0.476 1
1.255 0.708 -0.936 -0.698 1.033 -0.426 -0.979 0.111 -0.666 -0.595 -0.591 -0.735 -0.476 1
-1.016 0.708 -0.936 0.386 1.203 -0.426 0.920 -1.308 1.494 0.648 -0.591 1.193 1.091 0
0.460 0.708 -0.936 0.115 -0.252 -0.426 0.920 0.569 -0.666 -0.506 -0.591 -0.735 1.091 1
-1.357 -1.406 -0.936 -0.048 1.770 2.337 -0.979 -0.575 1.494 1.714 -0.591 -0.735 1.091 0
-0.221 -1.406 0.978 -0.265 -0.592 -0.426 -0.979 -1.537 -0.666 -0.950 1.045 -0.735 -3.611 1
0.574 0.708 -0.936 -0.861 -0.328 2.337 0.920 0.523 1.494 0.293 1.045 1.193 1.091 0
0.347 0.708 0.978 -0.048 -0.441 -0.426 -0.979 1.118 -0.666 1.891 1.045 1.193 1.091 0
0.801 -1.406 -0.936 1.470 -1.575 -0.426 -0.979 -0.163 -0.666 4.555 -2.228 2.158 1.091 0
-0.448 0.708 -0.936 0.386 0.976 -0.426 0.920 1.118 1.494 0.471 1.045 -0.735 1.091 0
0.460 0.708 -0.936 1.687 -1.348 2.337 -0.979 -2.681 -0.666 -0.062 -0.591 1.193 -2.043 0
0.120 -1.406 -0.936 0.061 3.055 -0.426 -0.979 0.066 1.494 0.737 -0.591 1.193 1.091 0
0.347 -1.406 -0.936 -0.156 -0.951 -0.426 0.920 -0.804 -0.666 -0.417 -0.591 -0.735 -0.476 1
0.914 -1.406 0.021 0.386 -0.989 -0.426 0.920 1.393 -0.666 -0.950 1.045 1.193 -0.476 1
0.233 -1.406 -0.936 0.386 -0.120 -0.426 0.920 -1.170 1.494 -0.772 -0.591 -0.735 1.091 0
-0.335 0.708 -0.936 -0.265 -0.819 2.337 0.920 0.340 1.494 -0.062 -0.591 -0.735 -3.611 0
-2.265 0.708 -0.936 -0.698 -0.933 -0.426 0.920 -0.850 1.494 0.471 -0.591 -0.735 1.091 0
-1.357 0.708 -0.936 -0.698 -1.329 -0.426 -0.979 -1.308 1.494 1.270 -0.591 -0.735 1.091 0
-0.789 0.708 0.021 -1.241 -0.347 -0.426 0.920 0.889 -0.666 -0.062 -2.228 -0.735 1.091 0
0.687 0.708 -0.936 -0.698 0.239 -0.426 0.920 -0.392 1.494 2.247 -0.591 0.229 1.091 0
0.801 -1.406 -0.936 0.386 2.771 -0.426 -0.979 0.386 -0.666 0.116 -0.591 -0.735 -0.476 1
-0.448 0.708 0.978 -2.108 -0.385 -0.426 0.920 0.249 1.494 -0.950 1.045 0.229 1.091 1
-0.562 0.708 -0.936 0.603 -0.895 -0.426 -0.979 -1.033 1.494 -0.151 -0.591 -0.735 1.091 0
0.120 0.708 -0.936 -0.156 0.674 2.337 -0.979 -2.086 1.494 0.471 -2.228 -0.735 1.091 0
-0.108 -1.406 0.021 -0.048 0.768 2.337 -0.979 0.477 1.494 -0.950 1.045 0.229 -0.476 1
-0.335 0.708 0.978 2.121 -0.914 2.337 0.920 0.615 -0.666 -0.506 1.045 -0.735 1.091 1
0.460 -1.406 -0.936 2.230 0.031 -0.426 0.920 -0.255 1.494 -0.950 -0.591 -0.735 -0.476 0
-1.470 -1.406 0.978 -0.698 -0.725 -0.426 0.920 1.118 -0.666 -0.950 -0.591 -0.735 -0.476 1
0.120 0.708 0.021 -0.156 -0.498 -0.426 -0.979 0.661 -0.666 -0.950 1.045 -0.735 1.091 1
1.369 -1.406 0.978 -0.970 5.983 -0.426 -0.979 0.523 -0.666 0.471 -0.591 -0.735 1.091 1
-1.697 0.708 -0.936 1.037 -0.460 -0.426 0.920 1.484 -0.666 -0.950 1.045 -0.735 1.091 0
-2.038 0.708 0.978 -0.156 0.050 -0.426 0.920 1.759 -0.666 2.158 -2.228 -0.735 -0.476 1
0.801 0.708 0.978 -0.156 -0.309 -0.426 0.920 -0.118 -0.666 0.648 -0.591 2.158 1.091 1
-1.584 0.708 0.021 -1.241 -0.233 -0.426 0.920 0.203 -0.666 -0.950 1.045 -0.735 -0.476 1
-1.584 0.708 0.978 -0.156 -0.630 -0.426 -0.979 0.889 -0.666 0.826 -0.591 -0.735 -0.476 1
-1.470 -1.406 -0.936 -1.674 0.333 -0.426 -0.979 -1.216 -0.666 -0.417 -0.591 -0.735 -0.476 1
0.347 0.708 -0.936 -1.783 -0.252 -0.426 0.920 0.340 -0.666 -0.861 1.045 0.229 1.091 0
-0.789 0.708 -0.936 -0.156 0.163 2.337 -0.979 0.066 1.494 -0.950 1.045 1.193 1.091 0
0.120 0.708 -0.936 -0.048 -1.197 -0.426 -0.979 -1.994 1.494 0.915 -0.591 0.229 -2.043 0
1.028 0.708 -0.936 0.657 -0.668 -0.426 -0.979 -0.758 -0.666 0.826 -0.591 1.193 -2.043 0
-2.265 0.708 -0.936 -0.373 0.655 -0.426 -0.979 0.340 1.494 -0.950 1.045 -0.735 1.091 0
1.255 -1.406 0.978 0.711 0.579 -0.426 -0.979 0.157 -0.666 -0.950 -0.591 0.229 -0.476 1
-0.108 0.708 0.978 -0.698 0.201 -0.426 -0.979 -0.072 -0.666 -0.595 -0.591 -0.735 1.091 1
0.233 0.708 0.978 -0.265 -0.347 -0.426 -0.979 0.066 -0.666 -0.595 -0.591 0.229 1.091 0
1.823 -1.406 -0.936 -1.132 -1.858 -0.426 0.920 -1.079 -0.666 0.471 -0.591 -0.735 -0.476 1
2.391 -1.406 0.978 0.386 -0.951 -0.426 2.819 -1.491 -0.666 0.027 -0.591 -0.735 -0.476 1
1.596 -1.406 1.935 0.386 -0.158 -0.426 0.920 0.111 -0.666 0.648 1.045 1.193 -0.476 1
1.369 0.708 -0.936 -0.698 -0.347 -0.426 -0.979 -0.896 1.494 1.359 -0.591 1.193 1.091 0
1.709 0.708 -0.936 -0.156 1.411 -0.426 -0.979 -1.811 -0.666 1.181 -0.591 2.158 -0.476 0
1.255 0.708 -0.936 -1.132 -0.668 -0.426 -0.979 -0.758 1.494 -0.861 1.045 0.229 -0.476 0
-0.448 -1.406 0.978 -0.156 0.163 -0.426 -0.979 0.020 -0.666 -0.506 1.045 -0.735 -0.476 1
0.801 -1.406 0.978 -0.156 0.296 -0.426 0.920 -2.360 -0.666 0.116 -0.591 0.229 1.091 0
-0.221 0.708 -0.936 -0.536 0.655 -0.426 0.920 -2.452 1.494 0.826 -0.591 1.193 1.091 0
1.369 0.708 -0.936 1.470 0.730 -0.426 -0.979 -1.857 1.494 0.382 -0.591 2.158 -0.476 0
-1.243 -1.406 0.978 -0.807 -0.101 -0.426 0.920 0.020 -0.666 -0.683 -0.591 0.229 -0.476 1
0.347 0.708 0.021 -0.427 -0.517 -0.426 0.920 -0.209 -0.666 -0.595 -0.591 3.122 1.091 1
0.574 0.708 -0.936 -0.427 0.201 -0.426 -0.979 -0.346 1.494 1.536 -0.591 0.229 1.091 0
-0.108 -1.406 0.978 -1.241 -0.630 -0.426 0.920 0.432 -0.666 0.471 -0.591 -0.735 -0.476 1
-0.789 0.708 -0.936 -0.590 -0.479 -0.426 -0.979 1.713 -0.666 -0.950 1.045 -0.735 -0.476 1
-1.243 0.708 -0.936 -0.698 -1.481 -0.426 0.920 -0.209 1.494 1.536 -2.228 -0.735 -2.043 0
-1.924 0.708 0.978 0.278 -1.367 -0.426 0.920 1.118 -0.666 -0.950 1.045 3.122 -0.476 1
1.142 0.708 1.935 0.278 0.655 2.337 -0.979 1.164 -0.666 0.293 -0.591 0.229 -0.476 0
0.347 0.708 0.978 -1.512 -0.139 -0.426 -0.979 0.249 1.494 -0.417 -0.591 -0.735 1.091 1
1.142 -1.406 0.978 0.386 3.206 2.337 -0.979 0.386 -0.666 -0.239 1.045 0.229 -0.476 1
0.914 -1.406 0.978 0.115 0.088 -0.426 -0.979 1.073 -0.666 -0.950 1.045 -0.735 -0.476 1
-2.265 -1.406 -0.936 0.278 -1.216 -0.426 0.920 1.530 -0.666 0.293 1.045 -0.735 -0.476 1
0.347 -1.406 -0.936 2.013 -0.422 2.337 -0.979 -0.118 1.494 1.536 -0.591 1.193 -2.043 0
-0.902 0.708 -0.936 -1.132 -0.819 -0.426 0.920 -0.255 -0.666 -0.861 1.045 -0.735 -0.476 1
-1.130 0.708 1.935 -1.241 0.315 -0.426 0.920 -0.758 -0.666 0.116 -0.591 -0.735 1.091 0
0.233 -1.406 0.021 -0.156 -0.215 -0.426 -0.979 1.164 -0.666 -0.950 -0.591 0.229 -0.476 0
1.482 -1.406 0.978 -0.698 -0.687 -0.426 -0.979 -1.537 -0.666 0.382 -0.591 -0.735 -0.476 1
1.482 0.708 -0.936 0.603 -1.027 2.337 0.920 -0.346 -0.666 2.069 -0.591 1.193 1.091 0
-1.016 0.708 -0.936 -0.698 0.031 -0.426 -0.979 -0.209 -0.666 -0.239 1.045 -0.735 1.091 0
-0.675 0.708 0.978 -0.698 -1.122 -0.426 0.920 -0.438 -0.666 0.826 -0.591 2.158 1.091 0
-1.130 -1.406 0.021 -1.132 -1.651 -0.426 0.920 -0.484 -0.666 -0.950 -0.591 -0.735 -0.476 1
2.163 -1.406 0.021 -0.698 0.409 -0.426 -0.979 -1.262 1.494 -0.772 1.045 0.229 -0.476 1
-1.016 0.708 0.021 -1.729 -0.951 2.337 0.920 0.340 -0.666 -0.950 1.045 -0.735 1.091 1
-0.789 0.708 0.021 -0.156 -0.044 -0.426 -0.979 1.439 -0.666 -0.772 -0.591 -0.735 -0.476 1
-1.130 0.708 -0.936 -1.566 -0.744 -0.426 -0.979 -0.026 1.494 1.714 -0.591 -0.735 -0.476 1
1.028 0.708 1.935 2.013 -0.385 -0.426 -0.979 0.294 -0.666 -0.417 -0.591 -0.735 1.091 1
-0.335 -1.406 0.978 0.169 -0.970 -0.426 -0.979 0.935 -0.666 -0.861 -0.591 -0.735 -0.476 1
0.120 0.708 0.021 -0.698 -0.215 -0.426 0.920 1.347 -0.666 -0.239 1.045 -0.735 -0.476 1
0.347 0.708 -0.936 -0.427 0.995 -0.426 -0.979 1.027 -0.666 -0.950 1.045 1.193 1.091 0
-1.357 0.708 -0.936 0.928 -0.007 -0.426 0.920 1.027 -0.666 0.382 1.045 -0.735 -0.476 1
1.028 -1.406 -0.936 -0.156 1.052 -0.426 0.920 -1.216 -0.666 0.826 -0.591 1.193 -0.476 1
0.006 0.708 -0.936 1.470 0.787 -0.426 -0.979 -0.163 1.494 -0.239 -0.591 0.229 1.091 0
-1.584 -1.406 0.021 -1.512 -0.933 -0.426 0.920 0.889 -0.666 -0.950 1.045 0.229 -0.476 1
0.460 0.708 1.935 2.013 0.768 -0.426 -0.979 0.477 -0.666 -0.772 -0.591 -0.735 1.091 0
-0.448 -1.406 0.978 -0.698 0.900 -0.426 -0.979 0.386 -0.666 -0.417 1.045 -0.735 -0.476 1
0.914 -1.406 -0.936 -0.482 -0.951 -0.426 0.920 -0.575 1.494 -0.950 -0.591 -0.735 -0.476 0
0.347 0.708 0.021 -0.698 0.693 -0.426 -0.979 0.523 -0.666 0.648 -0.591 -0.735 -0.476 0
1.482 0.708 0.978 2.555 0.504 2.337 -0.979 0.066 1.494 0.471 -0.591 -0.735 1.091 0
1.596 0.708 0.978 0.386 0.126 -0.426 -0.979 -0.118 -0.666 0.826 -0.591 2.158 1.091 0
0.006 0.708 0.021 -0.156 0.277 -0.426 0.920 0.294 -0.666 -0.950 1.045 -0.735 -0.476 1
1.028 -1.406 -0.936 2.555 1.467 -0.426 0.920 0.249 1.494 -0.950 1.045 -0.735 -0.476 1
1.142 0.708 -0.936 0.115 0.126 -0.426 -0.979 -0.987 -0.666 1.536 -0.591 0.229 1.091 0
1.369 0.708 -0.936 -0.698 -0.196 -0.426 0.920 -3.551 -0.666 -0.062 -0.591 -0.735 -0.476 0
-0.675 0.708 0.978 -0.807 -1.858 -0.426 -0.979 -1.033 -0.666 -0.239 1.045 2.158 -0.476 0
0.460 0.708 1.935 0.061 -0.819 -0.426 0.920 0.615 -0.666 -0.239 1.045 1.193 -0.476 0
-0.108 0.708 0.021 3.206 0.674 -0.426 -0.979 2.125 -0.666 -0.950 1.045 0.229 1.091 0
-1.130 -1.406 -0.936 0.278 -0.215 -0.426 -0.979 0.157 1.494 -0.772 -0.591 -0.735 -0.476 1
1.596 0.708 1.935 1.470 -0.252 2.337 -0.979 -0.804 -0.666 -0.861 -0.591 0.229 -0.476 1
-0.448 0.708 1.935 -0.427 -0.649 -0.426 -0.979 -1.079 1.494 0.293 1.045 0.229 -0.476 1
-1.130 0.708 -0.936 0.494 1.165 -0.426 -0.979 -0.072 1.494 -0.950 -0.591 2.158 1.091 0
-0.108 0.708 -0.936 0.386 -0.158 -0.426 0.920 0.523 -0.666 0.116 1.045 -0.735 -0.476 1
0.687 -1.406 -0.936 0.657 1.127 -0.426 -0.979 -0.118 1.494 -0.062 -0.591 -0.735 1.091 0
-0.335 0.708 -0.936 -0.427 -0.668 -0.426 0.920 0.889 -0.666 -0.062 1.045 1.193 1.091 0
0.006 -1.406 0.021 -0.048 1.788 -0.426 0.920 0.798 -0.666 0.116 1.045 -0.735 -0.476 1
0.233 0.708 -0.936 0.386 -1.046 -0.426 0.920 -0.026 -0.666 -0.595 -0.591 -0.735 -2.043 1
-0.448 0.708 -0.936 0.386 0.258 -0.426 -0.979 1.713 1.494 -0.950 1.045 -0.735 -0.476 1
-1.357 0.708 -0.936 -0.970 1.052 -0.426 0.920 1.484 -0.666 0.116 -0.591 -0.735 -0.476 1
0.233 0.708 -0.936 1.742 0.787 2.337 -0.979 -1.125 -0.666 -0.062 -0.591 2.158 1.091 0
-0.221 0.708 0.978 -0.156 -0.951 2.337 -0.979 0.157 -0.666 0.116 -2.228 -0.735 -0.476 1
-0.675 0.708 0.021 -0.156 0.352 -0.426 0.920 1.027 -0.666 -0.417 1.045 -0.735 -0.476 1
1.255 0.708 0.021 1.470 -0.026 -0.426 0.920 -1.308 1.494 -0.950 -0.591 2.158 -2.043 0
1.142 0.708 -0.936 -0.698 -1.329 -0.426 0.920 -0.392 -0.666 -0.595 1.045 -0.735 1.091 1
1.028 0.708 1.935 -1.241 -0.687 -0.426 -0.979 -0.209 1.494 0.648 -0.591 -0.735 -0.476 1
-0.562 0.708 0.978 0.386 -0.271 -0.426 0.920 0.661 -0.666 -0.417 -0.591 0.229 1.091 0
-0.335 0.708 -0.936 -1.349 -0.271 2.337 0.920 -0.072 -0.666 -0.861 1.045 2.158 1.091 1
-1.243 0.708 0.978 -0.156 -0.271 -0.426 0.920 1.393 1.494 -0.595 1.045 -0.735 -0.476 1
-0.675 -1.406 -0.936 -0.156 0.409 -0.426 0.920 0.661 -0.666 -0.950 1.045 -0.735 -0.476 1
1.255 -1.406 -0.936 2.447 -0.366 2.337 0.920 0.752 1.494 -0.062 -0.591 1.193 1.091 0
0.233 0.708 -0.936 -1.241 -0.876 -0.426 0.920 -1.033 1.494 0.382 -0.591 -0.735 -2.043 1
0.120 0.708 1.935 -0.698 -1.027 -0.426 -0.979 0.615 -0.666 0.737 -0.591 -0.735 1.091 1
0.801 -1.406 -0.936 0.928 -0.063 -0.426 0.920 0.249 1.494 0.293 -0.591 -0.735 -0.476 0
-0.108 -1.406 0.978 0.115 1.070 2.337 0.920 0.981 -0.666 -0.950 1.045 -0.735 -0.476 1
0.347 0.708 -0.936 0.928 0.428 -0.426 -0.979 -1.720 1.494 -0.239 1.045 -0.735 1.091 0
1.709 0.708 0.021 1.254 -0.044 -0.426 -0.979 -0.255 -0.666 -0.950 1.045 -0.735 -0.476 1
1.028 -1.406 0.978 0.386 1.240 -0.426 0.920 -0.713 -0.666 -0.772 1.045 -0.735 1.091 1
0.233 0.708 -0.936 -1.241 1.656 -0.426 0.920 -0.255 1.494 1.714 -0.591 0.229 1.091 0
0.233 0.708 -0.936 1.037 0.504 -0.426 0.920 -2.772 1.494 0.116 -0.591 0.229 1.091 0
-0.221 -1.406 -0.936 -0.156 0.315 -0.426 -0.979 -0.255 -0.666 -0.595 -0.591 -0.735 -0.476 1
-1.357 0.708 -0.936 -1.241 -0.687 -0.426 0.920 0.569 -0.666 -0.950 1.045 -0.735 1.091 1
-0.675 -1.406 0.021 0.061 0.447 -0.426 0.920 0.615 -0.666 -0.950 -0.591 -0.735 -0.476 1
0.347 -1.406 -0.936 -1.783 0.012 -0.426 -0.979 -1.216 -0.666 -0.062 -0.591 -0.735 -0.476 1
0.233 -1.406 -0.936 -0.698 2.015 -0.426 0.920 0.661 1.494 -0.417 1.045 -0.735 -0.476 1
-0.335 0.708 -0.936 -1.132 -0.328 -0.426 0.920 0.523 -0.666 -0.950 1.045 0.229 -0.476 0
-0.108 0.708 0.021 -1.349 1.165 -0.426 0.920 0.340 -0.666 -0.950 1.045 -0.735 1.091 1
0.801 -1.406 -0.936 0.278 0.881 2.337 0.920 -1.948 -0.666 0.737 -0.591 2.158 -0.476 0
0.347 0.708 -0.936 0.711 -0.555 -0.426 0.920 -1.994 -0.666 0.826 -0.591 0.229 1.091 0
-0.448 0.708 0.978 -1.783 -0.479 -0.426 0.920 -0.255 1.494 0.116 -0.591 -0.735 -0.476 1
0.914 -1.406 -0.936 0.928 3.017 -0.426 -0.979 0.249 -0.666 2.602 -0.591 2.158 1.091 0
1.255 0.708 -0.936 1.470 -0.366 -0.426 -0.979 -0.484 -0.666 1.092 1.045 -0.735 -2.043 1
-1.470 0.708 0.978 -0.698 -0.139 2.337 0.920 2.080 -0.666 -0.239 -2.228 -0.735 1.091 1
1.369 -1.406 0.978 1.037 0.560 -0.426 0.920 1.073 -0.666 -0.950 1.045 0.229 -0.476 1
-1.811 -1.406 0.978 -2.108 -0.914 -0.426 0.920 1.393 -0.666 -0.950 1.045 -0.735 -0.476 1
-0.335 0.708 0.021 0.061 -0.876 -0.426 0.920 0.432 -0.666 -0.239 1.045 0.229 -0.476 1
-0.108 0.708 0.978 0.928 -0.290 -0.426 -0.979 0.752 -0.666 0.471 1.045 -0.735 1.091 1
-0.221 -1.406 -0.936 0.278 -0.252 -0.426 -0.979 0.523 -0.666 -0.950 1.045 -0.735 -0.476 1
0.687 0.708 0.978 0.928 -0.082 2.337 0.920 -0.530 1.494 -0.062 -0.591 -0.735 -0.476 1
0.347 0.708 -0.936 -1.024 1.335 -0.426 2.819 -0.392 -0.666 2.957 -2.228 2.158 -2.043 0
1.142 0.708 -0.936 -1.241 0.012 -0.426 -0.979 0.432 -0.666 -0.417 1.045 1.193 -2.043 0
-1.357 0.708 -0.936 -0.048 -0.007 2.337 -0.979 -0.255 1.494 -0.861 -0.591 3.122 1.091 0
1.255 -1.406 1.935 0.928 -0.403 -0.426 0.920 -1.582 -0.666 1.359 -2.228 -0.735 -0.476 1
-1.811 0.708 0.978 0.386 1.392 -0.426 -0.979 1.530 -0.666 -0.950 1.045 -0.735 -0.476 1
-1.811 -1.406 0.978 0.278 -0.517 -0.426 0.920 0.157 -0.666 -0.950 -0.591 -0.735 -0.476 1
0.574 0.708 0.978 0.386 -1.178 -0.426 -0.979 0.294 -0.666 1.714 -0.591 -0.735 -0.476 0
-0.335 0.708 0.978 0.278 -0.460 -0.426 0.920 0.935 -0.666 -0.950 1.045 3.122 -0.476 1
0.347 0.708 -0.936 -0.265 0.220 -0.426 -0.979 -0.850 1.494 1.714 -0.591 1.193 1.091 0
0.233 0.708 0.021 1.145 -0.290 -0.426 -0.979 0.706 -0.666 -0.950 1.045 0.229 -0.476 0
0.120 0.708 0.978 -0.156 0.163 2.337 -0.979 -0.301 1.494 -0.417 -0.591 0.229 -2.043 0
-1.584 0.708 0.021 0.115 -0.838 -0.426 0.920 -0.758 -0.666 -0.950 -0.591 -0.735 -2.043 1
0.687 0.708 -0.936 0.278 -1.537 -0.426 -0.979 -1.079 1.494 2.247 -0.591 0.229 -0.476 0
-0.562 0.708 -0.936 0.928 -0.082 -0.426 -0.979 -0.941 -0.666 1.359 -0.591 -0.735 1.091 0
0.460 0.708 1.935 2.447 0.428 -0.426 -0.979 -0.163 -0.666 2.779 -2.228 -0.735 1.091 1
-1.697 0.708 1.935 0.386 -0.914 -0.426 0.920 1.347 1.494 0.293 1.045 -0.735 1.091 1
-0.108 0.708 -0.936 -0.698 -1.122 -0.426 0.920 -1.628 -0.666 0.293 -0.591 0.229 1.091 0
0.120 -1.406 -0.936 3.639 0.768 2.337 -0.979 -0.713 1.494 2.602 -2.228 1.193 1.091 0
-1.016 -1.406 -0.936 0.278 -0.082 -0.426 -0.979 0.157 1.494 -0.950 -0.591 -0.735 -0.476 1
0.914 0.708 1.935 0.657 -0.271 2.337 -0.979 0.066 -0.666 1.092 -2.228 -0.735 -2.043 1
0.233 0.708 0.978 0.928 -1.499 -0.426 0.920 1.164 -0.666 0.471 1.045 -0.735 -0.476 1
1.482 0.708 0.978 -0.807 0.560 -0.426 0.920 0.111 -0.666 -0.062 1.045 0.229 1.091 1
-0.108 -1.406 0.978 -1.349 0.371 -0.426 -0.979 0.844 -0.666 -0.950 1.045 -0.735 -0.476 1
-1.470 0.708 0.021 -0.698 0.900 -0.426 0.920 0.615 -0.666 -0.950 1.045 -0.735 -0.476 1
-1.243 0.708 -0.936 -1.132 0.806 -0.426 -0.979 0.203 -0.666 -0.950 1.045 0.229 -0.476 0
-1.697 0.708 -0.936 -1.241 -1.518 -0.426 -0.979 -1.582 1.494 0.826 -0.591 -0.735 1.091 0
-1.357 0.708 0.978 -0.156 1.278 -0.426 0.920 0.615 -0.666 0.737 1.045 0.229 -0.476 1
0.347 0.708 0.978 -1.132 -0.328 -0.426 -0.979 0.752 -0.666 1.270 -0.591 0.229 1.091 0
0.574 0.708 -0.936 -0.156 -0.781 -0.426 -0.979 -0.758 1.494 1.181 -0.591 1.193 1.091 0
0.460 0.708 0.978 0.928 -0.668 2.337 0.920 0.386 -0.666 0.471 1.045 -0.735 -0.476 1
0.006 -1.406 0.021 0.115 0.050 -0.426 -0.979 0.569 -0.666 0.293 -0.591 -0.735 -0.476 1
0.914 0.708 -0.936 0.386 -1.140 -0.426 -0.979 -0.209 1.494 2.602 1.045 1.193 1.091 0
-0.108 0.708 -0.936 -1.241 -0.781 -0.426 -0.979 -1.857 1.494 -0.950 -0.591 0.229 -0.476 0
-1.130 -1.406 0.021 -0.156 -0.252 -0.426 -0.979 1.210 -0.666 -0.417 -0.591 -0.735 -0.476 1
-0.221 0.708 -0.936 0.494 -0.403 -0.426 -0.979 -1.720 1.494 -0.950 1.045 -0.735 1.091 1
0.347 -1.406 1.935 0.928 0.674 2.337 -0.979 0.615 -0.666 -0.062 1.045 -0.735 -0.476 1
-2.265 0.708 0.021 -0.590 -1.046 -0.426 0.920 1.164 -0.666 -0.950 1.045 -0.735 -0.476 1
1.369 0.708 0.978 1.037 -0.668 -0.426 -0.979 0.066 -0.666 -0.239 -0.591 -0.735 1.091 0
0.687 0.708 -0.936 0.820 -0.838 -0.426 0.920 0.569 -0.666 -0.950 1.045 0.229 1.091 0
0.006 0.708 -0.936 -0.048 1.996 -0.426 0.920 -0.758 1.494 0.116 -0.591 0.229 1.091 0
0.233 0.708 0.021 -0.482 0.258 -0.426 0.920 -0.346 -0.666 -0.683 1.045 -0.735 1.091 0
-0.789 0.708 0.978 -0.482 0.145 2.337 0.920 1.210 -0.666 -0.950 1.045 1.193 -0.476 1
-0.562 0.708 0.978 -0.210 -0.970 -0.426 0.920 0.661 -0.666 -0.950 1.045 -0.735 -0.476 1
0.233 0.708 -0.936 -0.048 -0.763 -0.426 0.920 0.889 1.494 -0.950 1.045 -0.735 1.091 1
1.142 -1.406 0.978 1.470 2.129 -0.426 -0.979 0.111 -0.666 -0.239 1.045 -0.735 -0.476 1
0.687 0.708 1.935 0.061 -0.252 -0.426 0.920 -0.163 -0.666 1.359 -0.591 1.193 -0.476 0
0.460 0.708 0.978 -0.373 -0.555 2.337 0.920 -0.667 -0.666 1.004 -0.591 0.229 -2.043 0
-1.016 0.708 0.978 0.928 -0.309 -0.426 0.920 -0.072 -0.666 2.247 -0.591 -0.735 -0.476 0
-0.448 -1.406 -0.936 -0.156 1.089 -0.426 0.920 -0.301 1.494 0.116 -0.591 -0.735 1.091 0
0.687 -1.406 -0.936 -0.156 1.562 -0.426 -0.979 0.935 -0.666 -0.950 1.045 -0.735 -0.476 0
-1.584 -1.406 0.021 -0.156 -0.819 -0.426 -0.979 1.073 -0.666 0.293 1.045 -0.735 -0.476 1
1.823 -1.406 0.021 1.470 1.033 -0.426 0.920 0.615 -0.666 -0.595 1.045 1.193 -0.476 1
0.233 0.708 -0.936 0.928 0.541 -0.426 -0.979 -1.674 1.494 -0.417 -0.591 0.229 -2.043 0
1.369 -1.406 -0.936 -1.458 -0.460 -0.426 0.920 -0.301 -0.666 -0.683 1.045 1.193 -0.476 1
-0.108 0.708 0.978 -0.427 0.485 -0.426 -0.979 0.157 -0.666 -0.506 -2.228 0.229 -0.476 1
1.369 0.708 -0.936 -0.427 0.126 2.337 0.920 0.661 -0.666 -0.772 -0.591 1.193 1.091 0
-1.243 -1.406 0.978 -1.349 -2.010 -0.426 0.920 1.210 -0.666 -0.417 -0.591 -0.735 -0.476 1
-1.016 -1.406 0.978 0.494 -1.329 -0.426 -0.979 0.523 1.494 0.293 -2.228 -0.735 -0.476 1
0.801 0.708 0.021 -0.698 0.636 -0.426 -0.979 -2.086 -0.666 0.293 -0.591 0.229 1.091 0
0.120 0.708 -0.936 -0.427 0.031 2.337 -0.979 -0.209 1.494 0.116 -0.591 0.229 -0.476 0
