13 8 1
0.932 0.684 0.428 0.547 0.492 -0.086 0.336 0.891 0.371 0.581 0.349 0.783 0.484 0.670
0.989 0.458 0.681 0.018 0.877 0.396 -0.085 0.156 0.755 0.792 0.170 0.064 0.668 -0.054
0.343 0.575 0.063 0.949 1.102 0.411 -0.515 0.676 1.028 0.460 1.020 -0.097 -0.581 1.892
0.633 0.293 0.347 1.290 1.765 -0.516 1.339 1.145 0.141 0.884 1.000 -1.564 -0.585 0.962
0.346 -0.280 -0.014 1.650 0.854 -0.088 -0.776 0.121 0.354 -0.506 -1.322 0.444 -1.738 -0.372
0.318 -0.712 2.584 0.284 0.188 0.927 0.408 -0.198 -1.085 -0.166 -0.316 0.584 3.113 0.751
1.476 -0.165 0.013 2.772 -0.609 0.162 0.571 0.939 1.266 0.427 -0.198 -0.455 0.754 0.656
1.205 1.120 0.466 0.357 0.381 0.679 0.840 0.938 0.842 0.710 0.699 0.388 0.677 0.951
-1.065 0.935 -0.267 -1.912 -3.029 2.501 -3.934 3.094 1.229
